m horizon +0
a contact +3 +18 1 2 94287488
a range +3 +18 1 2 0.12
a contact +4 +25 5 3 988146410
a range +4 +25 5 3 1.05
a contact +16 +35 4 3 972509846
a range +16 +35 4 3 1.33
a contact +17 +29 1 3 103083838
a range +17 +29 1 3 0.12
a contact +22 +34 5 4 102080652
a range +22 +34 5 4 0.13
a contact +24 +42 3 4 965912486
a range +24 +42 3 4 1.14
a contact +32 +47 1 3 108275176
a range +32 +47 1 3 0.12
a contact +36 +54 3 4 930805179
a range +36 +54 3 4 1.04
a contact +36 +50 5 4 95086118
a range +36 +50 5 4 0.13
a contact +45 +67 3 4 978316012
a range +45 +67 3 4 1.26
a contact +53 +69 1 2 95020192
a range +53 +69 1 2 0.12
a contact +54 +77 3 4 924822493
a range +54 +77 3 4 1.09
a contact +57 +76 5 2 953932854
a range +57 +76 5 2 1.1
a contact +66 +87 2 4 1065417324
a range +66 +87 2 4 1.14
a contact +70 +82 2 3 90302742
a range +70 +82 2 3 0.12
a contact +74 +91 2 5 974144437
a range +74 +91 2 5 1.28
a contact +79 +103 5 3 1097389754
a range +79 +103 5 3 1.23
a contact +80 +98 4 3 980631040
a range +80 +98 4 3 1.23
a contact +80 +97 3 4 1061230914
a range +80 +97 3 4 1.06
a contact +82 +100 5 3 1034675427
a range +82 +100 5 3 1.31
a contact +87 +105 4 3 988708723
a range +87 +105 4 3 1.36
a contact +95 +112 3 2 94357610
a range +95 +112 3 2 0.12
a contact +100 +115 5 4 96319904
a range +100 +115 5 4 0.13
a contact +107 +119 3 1 91016351
a range +107 +119 3 1 0.12
a contact +113 +130 4 5 108493954
a range +113 +130 4 5 0.13
a contact +118 +136 3 5 1012077081
a range +118 +136 3 5 1.26
a contact +124 +139 2 5 1028600427
a range +124 +139 2 5 1.22
a contact +128 +144 5 4 100974137
a range +128 +144 5 4 0.13
a contact +129 +145 4 2 967610138
a range +129 +145 4 2 1.04
a contact +133 +146 5 6 104522780
a range +133 +146 5 6 0.13
a contact +145 +169 2 4 992566399
a range +145 +169 2 4 1.3
a contact +149 +171 4 2 1038858573
a range +149 +171 4 2 1.04
a contact +152 +164 1 3 93342926
a range +152 +164 1 3 0.12
a contact +153 +170 6 4 99599577
a range +153 +170 6 4 0.13
a contact +162 +183 3 4 1058183975
a range +162 +183 3 4 1.11
a contact +163 +183 5 2 1098685784
a range +163 +183 5 2 1.21
a contact +170 +187 6 4 92988691
a range +170 +187 6 4 0.13
a contact +175 +191 4 2 964348732
a range +175 +191 4 2 1.02
a contact +180 +197 2 5 1028859433
a range +180 +197 2 5 1.25
a contact +184 +197 4 6 101896371
a range +184 +197 4 6 0.13
a contact +188 +203 5 3 925809632
a range +188 +203 5 3 1.21
a contact +189 +206 2 1 107485411
a range +189 +206 2 1 0.12
a contact +193 +207 1 2 97601028
a range +193 +207 1 2 0.12
a contact +205 +221 3 4 1037548284
a range +205 +221 3 4 1.26
a contact +207 +226 3 5 915309424
a range +207 +226 3 5 1.27
a contact +207 +221 2 3 92378406
a range +207 +221 2 3 0.12
a contact +211 +224 6 4 104172460
a range +211 +224 6 4 0.13
a contact +224 +240 4 5 101306934
a range +224 +240 4 5 0.13
a contact +225 +243 3 4 1031533969
a range +225 +243 3 4 1.07
a contact +227 +244 5 6 109877283
a range +227 +244 5 6 0.13
a contact +231 +244 2 1 99387231
a range +231 +244 2 1 0.12
a contact +236 +258 2 5 996490662
a range +236 +258 2 5 1.05
a contact +261 +277 3 5 1087758219
a range +261 +277 3 5 1.02
a contact +265 +280 3 4 1045050779
a range +265 +280 3 4 1.24
a contact +267 +280 6 4 107634762
a range +267 +280 6 4 0.13
a contact +275 +297 4 2 972567479
a range +275 +297 4 2 1.13
a contact +278 +295 3 1 107977695
a range +278 +295 3 1 0.12
a contact +286 +299 2 3 97005158
a range +286 +299 2 3 0.12
a contact +287 +302 2 5 932216264
a range +287 +302 2 5 1.36
a contact +291 +307 3 2 101729439
a range +291 +307 3 2 0.12
a contact +291 +307 1 3 96928008
a range +291 +307 1 3 0.12
a contact +296 +319 5 3 1053184220
a range +296 +319 5 3 1.32
a contact +306 +320 1 3 90803645
a range +306 +320 1 3 0.12
a contact +307 +325 3 4 1084602692
a range +307 +325 3 4 1.05
a contact +325 +337 5 4 106424576
a range +325 +337 5 4 0.13
a contact +326 +344 3 4 1072664438
a range +326 +344 3 4 1.13
a contact +335 +356 3 4 918420498
a range +335 +356 3 4 1.11
a contact +336 +353 1 2 106078771
a range +336 +353 1 2 0.12
a contact +346 +366 4 2 911852435
a range +346 +366 4 2 1.17
a contact +347 +364 6 5 95254791
a range +347 +364 6 5 0.13
a contact +348 +368 5 3 918318444
a range +348 +368 5 3 1.04
a contact +352 +368 1 3 103645260
a range +352 +368 1 3 0.12
a contact +356 +368 1 3 103172513
a range +356 +368 1 3 0.12
a contact +359 +373 2 3 106138371
a range +359 +373 2 3 0.12
a contact +364 +377 1 3 94371658
a range +364 +377 1 3 0.12
a contact +366 +381 4 3 1044615466
a range +366 +381 4 3 1.08
a contact +371 +394 4 3 1068633121
a range +371 +394 4 3 1.19
a contact +380 +396 5 6 105674978
a range +380 +396 5 6 0.13
a contact +380 +399 5 2 992040959
a range +380 +399 5 2 1.08
a contact +385 +397 2 1 102948040
a range +385 +397 2 1 0.12
a contact +394 +416 5 3 1079555845
a range +394 +416 5 3 1.3
a contact +396 +412 5 4 97209503
a range +396 +412 5 4 0.13
a contact +399 +411 1 2 107214986
a range +399 +411 1 2 0.12
a contact +403 +426 2 4 972158970
a range +403 +426 2 4 1.07
a contact +406 +418 5 6 104962034
a range +406 +418 5 6 0.13
a contact +406 +422 4 2 962831204
a range +406 +422 4 2 1.38
a contact +407 +421 3 2 102162637
a range +407 +421 3 2 0.12
a contact +408 +423 5 2 966663394
a range +408 +423 5 2 1.06
a contact +410 +422 1 3 97337797
a range +410 +422 1 3 0.12
a contact +411 +423 2 3 109310228
a range +411 +423 2 3 0.12
a contact +413 +426 3 2 97062489
a range +413 +426 3 2 0.12
a contact +414 +426 5 6 101957098
a range +414 +426 5 6 0.13
a contact +416 +432 2 3 106561189
a range +416 +432 2 3 0.12
a contact +419 +440 2 5 1029130290
a range +419 +440 2 5 1.25
a contact +420 +434 5 6 95299636
a range +420 +434 5 6 0.13
a contact +423 +446 2 4 1049061897
a range +423 +446 2 4 1.16
a contact +443 +459 5 2 970633570
a range +443 +459 5 2 1.24
a contact +445 +457 3 1 105076152
a range +445 +457 3 1 0.12
a contact +447 +464 4 2 908021206
a range +447 +464 4 2 1.24
a contact +451 +466 4 5 103623283
a range +451 +466 4 5 0.13
a contact +452 +469 2 5 904044960
a range +452 +469 2 5 1.11
a contact +454 +470 1 3 94715711
a range +454 +470 1 3 0.12
a contact +459 +477 4 3 973759088
a range +459 +477 4 3 1.32
a contact +465 +484 4 3 1027936454
a range +465 +484 4 3 1.32
a contact +472 +486 4 5 95854864
a range +472 +486 4 5 0.13
a contact +474 +486 4 5 97611271
a range +474 +486 4 5 0.13
a contact +474 +489 4 2 1043796826
a range +474 +489 4 2 1.37
a contact +478 +495 3 5 994370432
a range +478 +495 3 5 1.37
a contact +483 +499 4 6 96583725
a range +483 +499 4 6 0.13
a contact +489 +504 4 6 93839469
a range +489 +504 4 6 0.13
a contact +490 +502 2 3 103323010
a range +490 +502 2 3 0.12
a contact +498 +515 4 5 101797434
a range +498 +515 4 5 0.13
a contact +500 +516 4 2 1053150798
a range +500 +516 4 2 1.18
a contact +500 +516 3 2 92519907
a range +500 +516 3 2 0.12
a contact +506 +519 3 2 99868805
a range +506 +519 3 2 0.12
a contact +512 +534 4 3 1037166236
a range +512 +534 4 3 1.19
a contact +519 +531 2 3 97140962
a range +519 +531 2 3 0.12
a contact +523 +543 4 3 908744782
a range +523 +543 4 3 1.08
a contact +536 +552 4 3 1042427126
a range +536 +552 4 3 1.16
a contact +546 +568 5 2 907109613
a range +546 +568 5 2 1.13
a contact +553 +566 3 1 104240132
a range +553 +566 3 1 0.12
a contact +555 +568 4 5 98967147
a range +555 +568 4 5 0.13
a contact +555 +567 4 5 99597128
a range +555 +567 4 5 0.13
a contact +561 +579 4 3 996086489
a range +561 +579 4 3 1.33
a contact +563 +577 1 2 101507922
a range +563 +577 1 2 0.12
a contact +565 +582 5 6 94198195
a range +565 +582 5 6 0.13
a contact +567 +582 3 1 93910854
a range +567 +582 3 1 0.12
a contact +567 +583 4 3 1051671700
a range +567 +583 4 3 1.18
a contact +569 +585 5 6 106073321
a range +569 +585 5 6 0.13
a contact +581 +594 4 6 97294232
a range +581 +594 4 6 0.13
a contact +581 +595 5 4 100200692
a range +581 +595 5 4 0.13
a contact +585 +598 2 3 98343553
a range +585 +598 2 3 0.12
a contact +586 +601 3 1 105089197
a range +586 +601 3 1 0.12
a contact +587 +611 4 2 1085490976
a range +587 +611 4 2 1.26
a contact +603 +619 5 6 102896198
a range +603 +619 5 6 0.13
a contact +604 +618 3 1 107805168
a range +604 +618 3 1 0.12
a contact +607 +619 2 1 98134089
a range +607 +619 2 1 0.12
a contact +618 +632 4 6 103812674
a range +618 +632 4 6 0.13
a contact +627 +649 2 4 949287432
a range +627 +649 2 4 1.16
a contact +631 +651 4 2 942096796
a range +631 +651 4 2 1.37
a contact +633 +656 4 3 1083174415
a range +633 +656 4 3 1.36
a contact +647 +669 5 3 1033217422
a range +647 +669 5 3 1.06
a contact +670 +694 3 4 918661952
a range +670 +694 3 4 1.34
a contact +670 +684 2 3 101200025
a range +670 +684 2 3 0.12
a contact +673 +695 4 2 968828914
a range +673 +695 4 2 1.25
a contact +676 +696 3 5 987556322
a range +676 +696 3 5 1.09
a contact +707 +724 5 2 1077129332
a range +707 +724 5 2 1.18
a contact +709 +724 3 1 106799844
a range +709 +724 3 1 0.12
a contact +711 +733 4 2 921730492
a range +711 +733 4 2 1.38
a contact +721 +741 5 2 1006553752
a range +721 +741 5 2 1.05
a contact +739 +753 1 2 93566809
a range +739 +753 1 2 0.12
a contact +740 +756 1 3 92796383
a range +740 +756 1 3 0.12
a contact +745 +761 4 5 105124916
a range +745 +761 4 5 0.13
a contact +748 +767 2 4 1041686553
a range +748 +767 2 4 1.27
a contact +750 +764 2 3 96343670
a range +750 +764 2 3 0.12
a contact +751 +767 5 4 108210741
a range +751 +767 5 4 0.13
a contact +754 +769 2 1 100901342
a range +754 +769 2 1 0.12
a contact +756 +769 5 6 107648415
a range +756 +769 5 6 0.13
a contact +765 +789 5 3 906066939
a range +765 +789 5 3 1.11
a contact +774 +789 3 4 1034691738
a range +774 +789 3 4 1.18
a contact +781 +796 4 2 1085442401
a range +781 +796 4 2 1.28
a contact +781 +797 1 2 97634469
a range +781 +797 1 2 0.12
a contact +788 +810 2 4 1085016814
a range +788 +810 2 4 1.2
a contact +795 +813 3 4 960935558
a range +795 +813 3 4 1.07
a contact +805 +819 1 2 104656307
a range +805 +819 1 2 0.12
a contact +814 +831 1 2 108199086
a range +814 +831 1 2 0.12
a contact +822 +845 2 5 1090416859
a range +822 +845 2 5 1.34
a contact +826 +845 2 5 983778393
a range +826 +845 2 5 1.38
a contact +828 +841 6 5 104193653
a range +828 +841 6 5 0.13
a contact +829 +843 6 5 93869496
a range +829 +843 6 5 0.13
a contact +835 +847 6 4 95498987
a range +835 +847 6 4 0.13
a contact +839 +856 1 3 90860679
a range +839 +856 1 3 0.12
a contact +860 +875 4 6 109834786
a range +860 +875 4 6 0.13
a contact +866 +881 2 4 941130789
a range +866 +881 2 4 1.21
a contact +868 +884 6 4 106444689
a range +868 +884 6 4 0.13
a contact +870 +884 3 2 97460965
a range +870 +884 3 2 0.12
a contact +871 +887 6 5 102975732
a range +871 +887 6 5 0.13
a contact +872 +887 1 3 105668593
a range +872 +887 1 3 0.12
a contact +874 +886 4 6 92035974
a range +874 +886 4 6 0.13
a contact +885 +897 3 1 98042752
a range +885 +897 3 1 0.12
a contact +898 +913 4 2 1022155593
a range +898 +913 4 2 1.16
a contact +905 +921 4 6 93726615
a range +905 +921 4 6 0.13
a contact +908 +925 3 1 91100796
a range +908 +925 3 1 0.12
a contact +909 +924 4 5 109868305
a range +909 +924 4 5 0.13
a contact +911 +923 2 1 98319221
a range +911 +923 2 1 0.12
a contact +926 +947 3 4 1052483832
a range +926 +947 3 4 1.28
a contact +932 +948 4 5 105940873
a range +932 +948 4 5 0.13
a contact +939 +952 4 5 95731361
a range +939 +952 4 5 0.13
a contact +942 +960 4 2 939315242
a range +942 +960 4 2 1.22
a contact +943 +959 3 2 108265471
a range +943 +959 3 2 0.12
a contact +953 +966 2 3 102632429
a range +953 +966 2 3 0.12
a contact +956 +977 2 4 1013968005
a range +956 +977 2 4 1.08
a contact +962 +976 1 3 106684960
a range +962 +976 1 3 0.12
a contact +967 +989 2 5 1095517219
a range +967 +989 2 5 1.08
a contact +968 +989 5 2 1078387506
a range +968 +989 5 2 1.08
a contact +970 +987 4 5 105180250
a range +970 +987 4 5 0.13
a contact +975 +987 4 5 99789698
a range +975 +987 4 5 0.13
a contact +976 +989 3 1 101330072
a range +976 +989 3 1 0.12
a contact +994 +1000 5 2 1084168630
a range +994 +1000 5 2 1.19
a contact +995 +1000 4 5 101838095
a range +995 +1000 4 5 0.13
